data = [
    0.983201581027668	0.1	0.156803018488512	;
0.983201581027668	0.6	0.0210075232474698	;
0.983201581027668	0.2	0.018695276719556	;
0.983201581027668	0.9	0.0164816824397647	;
0.983201581027668	0.4	0.0112166254714699	;
0.983201581027668	0.8	0.0092260123004488	;
0.983201581027668	1.0	0.00853950076556847	;
0.983201581027668	0.3	0.00800029190254239	;
0.983201581027668	0.5	0.00690836016989809	;
0.983201581027668	0.7	0.00436502412925877	;
0.983695652173913	0.1	0.152567728822538	;
0.983695652173913	0.6	0.0199655933392164	;
0.983695652173913	0.2	0.0192385397845597	;
0.983695652173913	0.9	0.0175965879836156	;
0.983695652173913	0.4	0.0113409543321175	;
0.983695652173913	1.0	0.00946791301844797	;
0.983695652173913	0.8	0.00862734180841733	;
0.983695652173913	0.3	0.00826786923306661	;
0.983695652173913	0.5	0.00688268355737304	;
0.983695652173913	0.7	0.00485017696591632	;
0.984189723320158	0.1	0.155634056918293	;
0.984189723320158	0.6	0.0195358479295866	;
0.984189723320158	0.2	0.0187385215406508	;
0.984189723320158	0.9	0.0168722372302773	;
0.984189723320158	0.4	0.0128274950572521	;
0.984189723320158	1.0	0.0092976365353871	;
0.984189723320158	0.8	0.00885978272180201	;
0.984189723320158	0.3	0.00829489724625088	;
0.984189723320158	0.5	0.00681646492507159	;
0.984189723320158	0.7	0.00513261970369189	;
0.984683794466403	0.1	0.15677328767401	;
0.984683794466403	0.6	0.0199453223293282	;
0.984683794466403	0.2	0.019246648188515	;
0.984683794466403	0.9	0.0158411185272976	;
0.984683794466403	0.4	0.0127477624183585	;
0.984683794466403	0.3	0.0101314507421217	;
0.984683794466403	0.8	0.00981522298786577	;
0.984683794466403	1.0	0.00880167249345584	;
0.984683794466403	0.5	0.00621779443304012	;
0.984683794466403	0.7	0.00533397840191466	;
0.985177865612648	0.1	0.164391133189995	;
0.985177865612648	0.6	0.0210345512606541	;
0.985177865612648	0.2	0.0189858278612868	;
0.985177865612648	0.9	0.0156370570277564	;
0.985177865612648	0.4	0.0119747612412885	;
0.985177865612648	0.8	0.0105801157609805	;
0.985177865612648	0.3	0.0101530731526691	;
0.985177865612648	1.0	0.00800840030649767	;
0.985177865612648	0.5	0.0061231963868952	;
0.985177865612648	0.7	0.00525424576302108	;
0.985671936758893	0.1	0.168348034320171	;
0.985671936758893	0.6	0.0212426669621729	;
0.985671936758893	0.2	0.0199115373128479	;
0.985671936758893	0.9	0.0136477952573945	;
0.985671936758893	0.4	0.0116315054738484	;
0.985671936758893	0.8	0.0109760761541299	;
0.985671936758893	0.3	0.0102206431856297	;
0.985671936758893	1.0	0.00726107574195275	;
0.985671936758893	0.5	0.0062353626416099	;
0.985671936758893	0.7	0.00525289436236187	;
0.986166007905138	0.1	0.167870989887469	;
0.986166007905138	0.6	0.0218845822752992	;
0.986166007905138	0.2	0.0186006786734111	;
0.986166007905138	0.9	0.013080206980525	;
0.986166007905138	0.4	0.0111544610411461	;
0.986166007905138	0.8	0.0105760615590028	;
0.986166007905138	0.3	0.00958413347514031	;
0.986166007905138	1.0	0.00733134857623184	;
0.986166007905138	0.5	0.00602319273811342	;
0.986166007905138	0.7	0.00508937488259707	;
0.986660079051383	0.1	0.170041339346165	;
0.986660079051383	0.2	0.0219710719174889	;
0.986660079051383	0.6	0.0208453551683643	;
0.986660079051383	0.9	0.0139761856175833	;
0.986660079051383	0.4	0.0108436388895271	;
0.986660079051383	0.8	0.00993414624587654	;
0.986660079051383	0.3	0.008694911841378	;
0.986660079051383	1.0	0.00659753801827904	;
0.986660079051383	0.5	0.00611373658228071	;
0.986660079051383	0.7	0.00394338712358424	;
0.987154150197628	0.1	0.188667694632101	;
0.987154150197628	0.2	0.022225135241421	;
0.987154150197628	0.6	0.0216183563454342	;
0.987154150197628	0.9	0.014449175848308	;
0.987154150197628	0.4	0.0108287734822757	;
0.987154150197628	0.8	0.00974495015358669	;
0.987154150197628	0.3	0.00744351483094653	;
0.987154150197628	1.0	0.00737459339732666	;
0.987154150197628	0.5	0.00610157397634779	;
0.987154150197628	0.7	0.00397446933874614	;
0.987648221343874	0.1	0.192881361887528	;
0.987648221343874	0.2	0.0239116832641191	;
0.987648221343874	0.6	0.0226102844292967	;
0.987648221343874	0.9	0.0204439891725779	;
0.987648221343874	0.8	0.0122450413731312	;
0.987648221343874	0.4	0.0116382624771444	;
0.987648221343874	0.3	0.00862058480512127	;
0.987648221343874	1.0	0.00743405502633204	;
0.987648221343874	0.5	0.00610697957898464	;
0.987648221343874	0.7	0.00511234869380369	;
0.988142292490119	0.1	0.197301793443815	;
0.988142292490119	0.6	0.0246657648319601	;
0.988142292490119	0.2	0.024183314796621	;
0.988142292490119	0.9	0.0199588363359204	;
0.988142292490119	0.4	0.0120680078867742	;
0.988142292490119	0.8	0.0118869201984397	;
0.988142292490119	0.3	0.00899897698970098	;
0.988142292490119	1.0	0.00743405502633204	;
0.988142292490119	0.5	0.00587183586428153	;
0.988142292490119	0.7	0.00523397475313288	;
0.988636363636364	0.1	0.202888483769002	;
0.988636363636364	0.6	0.0260550047096313	;
0.988636363636364	0.2	0.0242170998131013	;
0.988636363636364	0.9	0.0213548332168876	;
0.988636363636364	0.4	0.0124355888660802	;
0.988636363636364	0.8	0.0124099122535552	;
0.988636363636364	0.3	0.00951791484283886	;
0.988636363636364	1.0	0.00712998987800906	;
0.988636363636364	0.5	0.00586237605966704	;
0.988636363636364	0.7	0.00551912029222688	;
0.989130434782609	0.1	0.209342773317405	;
0.989130434782609	0.2	0.0255482294624263	;
0.989130434782609	0.6	0.0249860467881936	;
0.989130434782609	0.9	0.0210602278731792	;
0.989130434782609	0.8	0.0125815401372753	;
0.989130434782609	0.4	0.0124896448924488	;
0.989130434782609	0.3	0.0095219690448165	;
0.989130434782609	1.0	0.00723404772876848	;
0.989130434782609	0.5	0.00577994061945503	;
0.989130434782609	0.7	0.00550695768629396	;
0.989624505928854	0.1	0.277134435986178	;
0.989624505928854	0.2	0.0306835519674366	;
0.989624505928854	0.6	0.0251455120659808	;
0.989624505928854	0.9	0.0214629452696247	;
0.989624505928854	0.4	0.0126234335577109	;
0.989624505928854	0.8	0.012528835511566	;
0.989624505928854	0.3	0.00905979001936557	;
0.989624505928854	1.0	0.00676105749804385	;
0.989624505928854	0.5	0.00574885840429313	;
0.989624505928854	0.7	0.00542046804410431	;
0.990118577075099	0.1	0.337656914509043	;
0.990118577075099	0.2	0.0300727188694723	;
0.990118577075099	0.6	0.0247725254840379	;
0.990118577075099	0.9	0.0224791985653531	;
0.990118577075099	0.8	0.0125234299089291	;
0.990118577075099	0.4	0.0120923330986401	;
0.990118577075099	0.3	0.0085016615471105	;
0.990118577075099	1.0	0.00694619938835606	;
0.990118577075099	0.5	0.00600021892690679	;
0.990118577075099	0.7	0.00539614283223847	;
0.990612648221344	0.1	0.399828101836148	;
0.990612648221344	0.2	0.0335796035801306	;
0.990612648221344	0.6	0.0249941551921489	;
0.990612648221344	0.9	0.0235589676920644	;
0.990612648221344	0.4	0.013834288548366	;
0.990612648221344	0.8	0.0126788409847386	;
0.990612648221344	0.3	0.00819083939549146	;
0.990612648221344	1.0	0.00719620851031051	;
0.990612648221344	0.5	0.00623130843963226	;
0.990612648221344	0.7	0.00553263429881901	;
0.991106719367589	0.1	0.491799025099564	;
0.991106719367589	0.2	0.0366053896561091	;
0.991106719367589	0.6	0.0270185533796503	;
0.991106719367589	0.9	0.025172540079165	;
0.991106719367589	0.4	0.0144072824278724	;
0.991106719367589	0.8	0.0129085790968049	;
0.991106719367589	0.3	0.00822057020999415	;
0.991106719367589	1.0	0.00770028095619705	;
0.991106719367589	0.5	0.00664753984266994	;
0.991106719367589	0.7	0.00550425488497553	;
0.991600790513834	0.1	0.577160247738769	;
0.991600790513834	0.2	0.041028524013714	;
0.991600790513834	0.6	0.029025383358582	;
0.991600790513834	0.9	0.0249765869835791	;
0.991600790513834	0.4	0.0159667987886044	;
0.991600790513834	0.8	0.0137369877009026	;
0.991600790513834	0.3	0.00882194350334404	;
0.991600790513834	1.0	0.00824489542185999	;
0.991600790513834	0.5	0.00706917684834447	;
0.991600790513834	0.7	0.00527181397159086	;
0.992094861660079	0.1	0.678901797768297	;
0.992094861660079	0.2	0.0443610780393339	;
0.992094861660079	0.6	0.0310551871487203	;
0.992094861660079	0.9	0.0273847829582971	;
